    -30.000000    -75.000000      0.000000 -3.743529e+00 -3.743529e+00 -1.954625e+00  0.000000e+00  0.000000e+00  0.000000e+00  23
    -30.000000    -60.000000      0.000000 -3.973692e+00 -3.973692e+00 -5.177966e-01  0.000000e+00  0.000000e+00  0.000000e+00  23
    -30.000000    -45.000000      0.000000 -3.933055e+00 -3.933055e+00  9.543192e-01  0.000000e+00  0.000000e+00  0.000000e+00  23
    -30.000000    -30.000000      0.000000 -3.624387e+00 -3.624387e+00  2.361400e+00  0.000000e+00  0.000000e+00  0.000000e+00  23
    -30.000000    -15.000000      0.000000 -3.068723e+00 -3.068723e+00  3.607555e+00  0.000000e+00  0.000000e+00  0.000000e+00  23
    -30.000000      0.000000      0.000000 -2.303930e+00 -2.303930e+00  4.607861e+00  0.000000e+00  0.000000e+00  0.000000e+00  23
    -30.000000     15.000000      0.000000 -1.382129e+00 -1.382129e+00  5.294149e+00  0.000000e+00  0.000000e+00  0.000000e+00  23
    -30.000000     30.000000      0.000000 -3.661375e-01 -3.661375e-01  5.619649e+00  0.000000e+00  0.000000e+00  0.000000e+00  23
    -30.000000     45.000000      0.000000  6.748056e-01  6.748056e-01  5.562180e+00  0.000000e+00  0.000000e+00  0.000000e+00  23
    -30.000000     60.000000      0.000000  1.669762e+00  1.669762e+00  5.125657e+00  0.000000e+00  0.000000e+00  0.000000e+00  23
    -30.000000     75.000000      0.000000  2.550926e+00  2.550926e+00  4.339830e+00  0.000000e+00  0.000000e+00  0.000000e+00  23
    -15.000000    -75.000000      0.000000 -3.990525e+00 -3.455896e+00 -1.995262e+00  0.000000e+00  0.000000e+00  0.000000e+00  23
    -15.000000    -60.000000      0.000000 -4.450852e+00 -3.418028e+00 -5.963011e-01  0.000000e+00  0.000000e+00  0.000000e+00  23
    -15.000000    -45.000000      0.000000 -4.607861e+00 -3.147228e+00  8.432971e-01  0.000000e+00  0.000000e+00  0.000000e+00  23
    -15.000000    -30.000000      0.000000 -4.450852e+00 -2.661949e+00  2.225426e+00  0.000000e+00  0.000000e+00  0.000000e+00  23
    -15.000000    -15.000000      0.000000 -3.990525e+00 -1.995262e+00  3.455896e+00  0.000000e+00  0.000000e+00  0.000000e+00  23
    -15.000000      0.000000      0.000000 -3.258250e+00 -1.192602e+00  4.450852e+00  0.000000e+00  0.000000e+00  0.000000e+00  23
    -15.000000     15.000000      0.000000 -2.303930e+00 -3.086682e-01  5.142490e+00  0.000000e+00  0.000000e+00  0.000000e+00  23
    -15.000000     30.000000      0.000000 -1.192602e+00  5.963011e-01  5.483676e+00  0.000000e+00  0.000000e+00  0.000000e+00  23
    -15.000000     45.000000      0.000000  0.000000e+00  1.460633e+00  5.451158e+00  0.000000e+00  0.000000e+00  0.000000e+00  23
    -15.000000     60.000000      0.000000  1.192602e+00  2.225426e+00  5.047153e+00  0.000000e+00  0.000000e+00  0.000000e+00  23
    -15.000000     75.000000      0.000000  2.303930e+00  2.838559e+00  4.299193e+00  0.000000e+00  0.000000e+00  0.000000e+00  23
      0.000000    -75.000000      0.000000 -4.180051e+00 -3.147228e+00 -2.114404e+00  0.000000e+00  0.000000e+00  0.000000e+00  23
      0.000000    -60.000000      0.000000 -4.816989e+00 -2.821727e+00 -8.264647e-01  0.000000e+00  0.000000e+00  0.000000e+00  23
      0.000000    -45.000000      0.000000 -5.125657e+00 -2.303930e+00  5.177966e-01  0.000000e+00  0.000000e+00  0.000000e+00  23
      0.000000    -30.000000      0.000000 -5.085021e+00 -1.629125e+00  1.826771e+00  0.000000e+00  0.000000e+00  0.000000e+00  23
      0.000000    -15.000000      0.000000 -4.697848e+00 -8.432971e-01  3.011254e+00  0.000000e+00  0.000000e+00  0.000000e+00  23
      0.000000      0.000000      0.000000 -3.990525e+00  0.000000e+00  3.990525e+00  0.000000e+00  0.000000e+00  0.000000e+00  23
      0.000000     15.000000      0.000000 -3.011254e+00  8.432971e-01  4.697848e+00  0.000000e+00  0.000000e+00  0.000000e+00  23
      0.000000     30.000000      0.000000 -1.826771e+00  1.629125e+00  5.085021e+00  0.000000e+00  0.000000e+00  0.000000e+00  23
      0.000000     45.000000      0.000000 -5.177966e-01  2.303930e+00  5.125657e+00  0.000000e+00  0.000000e+00  0.000000e+00  23
      0.000000     60.000000      0.000000  8.264647e-01  2.821727e+00  4.816989e+00  0.000000e+00  0.000000e+00  0.000000e+00  23
      0.000000     75.000000      0.000000  2.114404e+00  3.147228e+00  4.180051e+00  0.000000e+00  0.000000e+00  0.000000e+00  23
     15.000000    -75.000000      0.000000 -4.299193e+00 -2.838559e+00 -2.303930e+00  0.000000e+00  0.000000e+00  0.000000e+00  23
     15.000000    -60.000000      0.000000 -5.047153e+00 -2.225426e+00 -1.192602e+00  0.000000e+00  0.000000e+00  0.000000e+00  23
     15.000000    -45.000000      0.000000 -5.451158e+00 -1.460633e+00  0.000000e+00  0.000000e+00  0.000000e+00  0.000000e+00  23
     15.000000    -30.000000      0.000000 -5.483676e+00 -5.963011e-01  1.192602e+00  0.000000e+00  0.000000e+00  0.000000e+00  23
     15.000000    -15.000000      0.000000 -5.142490e+00  3.086682e-01  2.303930e+00  0.000000e+00  0.000000e+00  0.000000e+00  23
     15.000000      0.000000      0.000000 -4.450852e+00  1.192602e+00  3.258250e+00  0.000000e+00  0.000000e+00  0.000000e+00  23
     15.000000     15.000000      0.000000 -3.455896e+00  1.995262e+00  3.990525e+00  0.000000e+00  0.000000e+00  0.000000e+00  23
     15.000000     30.000000      0.000000 -2.225426e+00  2.661949e+00  4.450852e+00  0.000000e+00  0.000000e+00  0.000000e+00  23
     15.000000     45.000000      0.000000 -8.432971e-01  3.147228e+00  4.607861e+00  0.000000e+00  0.000000e+00  0.000000e+00  23
     15.000000     60.000000      0.000000  5.963011e-01  3.418028e+00  4.450852e+00  0.000000e+00  0.000000e+00  0.000000e+00  23
     15.000000     75.000000      0.000000  1.995262e+00  3.455896e+00  3.990525e+00  0.000000e+00  0.000000e+00  0.000000e+00  23
     30.000000    -75.000000      0.000000 -4.339830e+00 -2.550926e+00 -2.550926e+00  0.000000e+00  0.000000e+00  0.000000e+00  23
     30.000000    -60.000000      0.000000 -5.125657e+00 -1.669762e+00 -1.669762e+00  0.000000e+00  0.000000e+00  0.000000e+00  23
     30.000000    -45.000000      0.000000 -5.562180e+00 -6.748056e-01 -6.748056e-01  0.000000e+00  0.000000e+00  0.000000e+00  23
     30.000000    -30.000000      0.000000 -5.619649e+00  3.661375e-01  3.661375e-01  0.000000e+00  0.000000e+00  0.000000e+00  23
     30.000000    -15.000000      0.000000 -5.294149e+00  1.382129e+00  1.382129e+00  0.000000e+00  0.000000e+00  0.000000e+00  23
     30.000000      0.000000      0.000000 -4.607861e+00  2.303930e+00  2.303930e+00  0.000000e+00  0.000000e+00  0.000000e+00  23
     30.000000     15.000000      0.000000 -3.607555e+00  3.068723e+00  3.068723e+00  0.000000e+00  0.000000e+00  0.000000e+00  23
     30.000000     30.000000      0.000000 -2.361400e+00  3.624387e+00  3.624387e+00  0.000000e+00  0.000000e+00  0.000000e+00  23
     30.000000     45.000000      0.000000 -9.543192e-01  3.933055e+00  3.933055e+00  0.000000e+00  0.000000e+00  0.000000e+00  23
     30.000000     60.000000      0.000000  5.177966e-01  3.973692e+00  3.973692e+00  0.000000e+00  0.000000e+00  0.000000e+00  23
     30.000000     75.000000      0.000000  1.954625e+00  3.743529e+00  3.743529e+00  0.000000e+00  0.000000e+00  0.000000e+00  23
      0.000000    -89.999000      0.000000 -3.258319e+00 -3.258250e+00 -3.258180e+00  0.000000e+00  0.000000e+00  0.000000e+00  23
      0.000000     89.999000      0.000000  3.258180e+00  3.258250e+00  3.258319e+00  0.000000e+00  0.000000e+00  0.000000e+00  23
